998.085986 -162.941745 -123.628119 837.922122 -110.140800 -203.299802 315.106877 866.743883 -164.971661 660.684775 
255.542642 161.333306 674.430372 -672.013965 -422.533509 974.326764 -577.554185 852.945805 846.166098 -646.329091 
464.916043 74.640187 331.258102 -990.621112 995.051789 784.759809 517.318822 883.572414 -674.908103 -769.003905 
102.187372 -676.822118 68.054349 978.559253 -838.899995 957.913551 -224.740548 476.206883 824.657434 610.287791 
136.891657 80.200076 -228.378903 -188.677970 408.186111 349.087588 -214.351206 830.631927 202.033393 -368.185109 
-815.697164 -333.050564 706.455079 515.560938 -323.671676 701.506868 300.320747 -806.352854 585.079283 625.412644 
-575.356759 -312.733346 948.590527 492.697591 -334.174093 -890.309468 450.611142 441.085359 585.897415 275.268575 
51.373150 -277.210928 -644.531349 822.994248 534.111102 763.654763 172.081836 -680.240104 594.286690 -625.884770 
-48.425212 778.589525 41.064666 -341.970133 294.150463 717.392989 -640.463265 -405.528789 911.040136 944.616018 
-780.116145 -664.316623 -368.117328 -831.525618 828.380968 297.708580 -721.835085 278.992110 -261.206061 864.062330 
-445.739315 790.167090 -413.148597 -90.270663 613.161338 -879.037495 -326.615900 -214.756825 -559.277598 -732.329210 
159.358405 392.297191 -953.739685 -799.576930 -949.672942 340.410778 917.816060 -590.136207 934.881989 828.856195 
-645.520188 -845.234157 -835.460427 -13.637516 -676.759774 992.920541 -715.928935 -398.594859 271.912651 22.865005 
-534.532529 826.173337 -186.967905 52.318874 -264.097326 -573.806566 173.281380 409.286775 211.436609 614.003782 
676.957564 -629.204987 6.300973 723.217879 -428.781916 56.628031 63.628658 -510.965857 466.491824 -1.489353 
-682.109661 820.971636 153.276490 -517.570088 -192.665879 476.516716 -524.649546 91.405186 -922.078143 747.263106 
-885.729809 -456.610671 573.436443 -72.697714 595.708203 -690.660883 353.495720 -231.010417 718.625892 -435.067671 
-617.006635 395.583456 -64.272658 389.294337 118.801336 506.945426 -554.077632 -817.570006 995.979569 912.414193 
180.940640 -686.130092 733.385829 -665.782870 -203.700179 -459.280049 810.733847 271.650274 632.125137 888.655704 
18.913380 746.395328 -567.954967 -407.650177 -326.302385 -972.246763 -98.311060 -972.806665 -203.257181 -379.685168 
-407.874336 179.736185 -984.101712 527.853006 -430.969478 134.699624 34.798433 14.952892 317.129618 30.778002 
-72.632915 -501.929742 344.647910 -339.247086 -167.712611 -859.052269 201.472865 -356.978764 412.598006 -166.401997 
-468.323059 -568.488614 -420.006669 -36.278025 23.861210 253.690946 -8.524789 925.550150 280.884282 788.218031 
-454.135017 873.009946 -32.045784 -438.236729 400.862953 536.984739 696.462896 -564.338614 -448.062370 13.592513 
466.439389 479.304715 511.662772 -188.912701 -859.942371 -656.049839 -47.964969 341.530494 -13.028603 -635.366962 
-824.871503 518.648338 -203.855576 -244.878171 -517.629688 820.005634 -991.187225 473.845524 745.555785 289.697057 
262.063555 -708.579233 162.707003 -769.982229 -146.815962 -436.430044 767.002510 -450.353066 -0.768658 -681.059860 
563.239448 -534.329269 798.244855 74.902220 276.758031 938.302485 418.852380 -771.206938 279.832980 -594.176223 
-406.573900 454.961478 924.472115 389.570524 -789.916693 -593.157572 209.576159 -781.103918 880.687952 -44.868057 
508.593139 142.751507 246.552710 -328.699858 372.769279 -900.263252 234.870099 139.771789 -350.616317 -765.898558 
458.711931 -787.376869 -300.227827 256.956786 287.525350 976.530204 195.259271 -293.622269 -794.676734 -524.907748 
112.201508 -201.250634 930.053730 36.673623 -811.680109 -859.862964 443.516051 397.896050 -640.966882 324.204004 
-646.972007 867.626257 -533.044488 599.580703 -461.073600 839.724791 699.317452 773.796499 -20.503419 -651.298866 
-992.102060 -561.791488 -438.675735 -292.329886 695.165298 848.849615 -315.799682 -109.575430 -444.772654 -110.476416 
365.516822 667.428854 688.272950 295.570551 -295.897522 876.592841 435.707588 -852.381471 274.488891 794.740706 
471.822534 627.516883 662.366964 938.778047 227.097587 -798.706636 778.502838 -73.584961 975.089863 -242.000581 
275.116174 982.987804 196.207931 836.440439 -309.342082 -108.626770 685.290054 374.858236 781.797800 -759.482599 
-735.618180 147.314622 907.946255 952.654772 -557.114827 -387.951267 829.247613 878.592761 -240.332737 103.736504 
673.333467 -768.510203 -268.746613 335.700431 -829.732156 958.350975 536.993795 948.770682 -115.233986 512.083659 
-293.229898 -840.117812 495.071463 902.978034 996.322627 -814.270618 -205.648736 681.612683 560.587618 -423.850936 
922.130084 824.969439 723.463686 830.076339 777.624210 -833.651140 -557.874927 606.871823 -955.058379 201.792336 
-289.391673 718.275088 433.282133 441.861715 53.975520 603.549978 400.212690 -409.030685 552.320660 -715.021295 
-896.947026 -740.909238 -555.139108 598.124437 -837.931205 -558.816480 783.853819 -43.579941 -877.203797 344.441437 
532.569123 -955.073713 169.410876 256.032810 875.002625 -52.964914 422.381669 -682.872302 -446.093091 467.323290 
518.920034 264.515237 185.598379 -47.797832 -293.623048 -760.426101 -444.247854 -893.410358 -169.456786 -891.927194 
-608.431653 -66.403812 -632.836432 -163.570761 -468.279375 -470.767636 277.612760 -684.425555 485.652423 400.408963 
660.015882 18.221548 445.335249 -170.573242 -725.745643 320.337876 776.461844 696.636028 637.465574 -669.631246 
163.959318 156.385609 594.883990 -650.442303 -891.412223 -698.739057 -410.868404 -335.660077 -592.149415 419.674810 
-227.587271 -200.581068 -646.729002 139.576297 635.848172 -115.008377 668.808661 -86.539068 200.566068 154.461086 
-686.130105 -139.418050 -827.317366 759.205145 690.008708 -553.063009 79.543021 466.470553 -856.426981 -282.991405 
796.839307 307.532337 873.394204 391.723298 657.090034 981.981982 692.984241 -753.778369 -353.678095 -899.165174 
665.896441 418.734634 -99.746241 -980.832561 -441.689068 -463.898069 -95.840937 -772.880406 449.562863 -895.274868 
381.580680 763.432758 -34.692918 554.263313 522.637904 -344.684209 -998.799696 -397.819076 -878.213656 -855.226676 
319.189520 918.625651 452.305662 192.583724 310.348949 109.395696 174.565705 3.333190 355.617327 820.887610 
104.168016 21.513768 239.622245 -995.578225 40.681207 797.933177 -459.476294 944.840270 -974.947229 990.086569 
-950.434598 406.633451 753.519327 14.872484 -39.103236 276.157231 670.188275 -37.902932 878.338156 791.974620 
106.870392 197.527676 710.600271 -440.823946 -609.888599 20.949220 668.571751 564.677106 -975.717589 24.189077 
385.564717 128.450428 -954.297154 -374.813038 132.872203 86.384052 -576.879861 673.395910 31.224323 -551.827090 
663.482480 80.789724 854.806361 417.001807 -904.337791 -184.296875 -306.840961 765.850484 777.800194 -428.502805 
557.825104 -115.329414 769.024871 268.425376 443.846641 -840.863728 -710.625404 112.418392 723.813379 -686.342992 
-863.392531 109.378097 442.107436 -817.689685 734.565059 -425.020360 268.694368 -842.314801 -751.624450 -700.081309 
-394.141891 911.858030 380.708416 -539.335529 328.859838 476.370625 276.367595 -977.981123 242.221110 54.167789 
-406.483928 -199.953785 938.838377 -637.459056 -931.528409 382.685018 -478.322783 -642.153813 -504.896590 -754.509404 
-328.496804 -368.289121 354.868692 -886.389368 -185.978806 89.433751 -311.409728 -917.284437 247.118950 -63.034178 
-617.365747 852.977060 -151.176147 763.342669 -686.358470 -822.316309 239.713294 590.009126 -800.297433 -518.065595 
-355.823084 -206.781360 281.980620 -416.984707 155.759583 350.452211 965.700311 677.436800 708.298398 -539.196280 
922.927395 -620.198405 92.514599 277.796088 -506.587774 906.535793 -632.770160 182.002499 989.251356 614.348790 
-881.031678 -628.114390 467.325849 -32.207825 -864.771721 780.967380 145.475865 374.941574 370.976507 345.178433 
856.875979 -984.846577 -861.602928 138.856599 -401.831284 294.156656 -510.691190 -436.130974 -28.406544 -802.392792 
24.672747 -105.479148 -422.591197 -882.812655 -827.683059 70.821030 -976.276861 -460.453220 -747.176471 -987.025505 
-846.104430 -628.208149 -615.139895 621.221420 339.584026 -479.911615 402.188800 -514.940109 895.029959 -226.834693 
830.238324 751.905939 -211.681270 968.635396 -109.237462 386.487446 262.792053 380.071348 950.356472 -765.614491 
577.678556 -24.970781 128.906361 -844.912641 92.216565 301.223301 225.908389 115.939705 840.770082 478.731918 
128.914200 994.665653 850.523770 513.774306 615.887073 190.107795 -966.137310 18.075873 675.167687 928.892650 
791.241181 505.406011 680.798588 -420.440089 474.041408 -428.438874 966.047358 -263.166539 951.632474 916.403830 
-28.781030 529.311029 -108.566950 -899.874669 684.398388 983.649615 401.348633 -89.693222 99.589320 242.118714 
-610.961303 -771.496480 236.784367 -760.437533 742.277825 -147.328560 429.670262 776.140516 870.747314 104.837949 
705.033165 661.988495 -389.756039 385.831754 -758.451594 -915.714631 957.392880 -792.404236 -178.881170 909.025353 
-876.000405 792.337799 438.336384 15.432645 892.463130 122.734772 -0.917740 293.811763 -966.958449 -901.328420 
-464.069522 -577.919752 -672.824901 772.714845 -338.357286 -930.547074 -374.613714 -908.687023 845.593441 -503.866401 
196.150927 550.626608 -841.877906 806.394888 -63.541639 -600.329500 890.680257 -106.148758 -392.733735 -288.200913 
-197.123405 -268.734140 -495.863114 -758.787021 746.698504 -603.399984 363.947752 -254.219236 690.411780 396.989303 
-155.547656 -773.657742 819.069550 171.627443 999.057103 -519.287735 241.080369 -375.556611 -427.974759 86.673811 
120.576988 768.176168 -362.699581 278.699082 574.571056 573.758780 678.369584 465.251314 -532.389978 -714.364151 
-822.949599 270.486618 16.901708 -318.812713 511.699597 -236.399787 77.787304 -124.352651 509.380977 -231.800916 
-727.363348 -646.166679 -5.458658 -908.293798 525.460764 -6.401555 -427.581533 -233.458866 618.041835 144.443709 
853.214945 -261.381177 -87.380122 -509.484637 -982.682094 -512.809065 -935.725857 695.687490 952.442248 -468.115834 
981.323338 -870.507350 802.370785 -1.774954 -189.320063 314.070382 761.825259 888.467241 -810.282268 271.206236 
-343.333675 -537.645616 625.039556 651.207668 -445.939412 150.500320 -355.193886 126.479055 917.041454 -737.152051 
-729.077236 770.256398 1.466772 183.542643 -739.228238 18.784678 670.733578 -674.954094 -285.527833 623.175826 
-143.069928 -304.204495 752.668476 -340.699143 694.020552 -436.651587 973.371239 455.845810 -548.184345 -836.911028 
-272.947954 108.481981 -374.556643 -647.908398 -240.310351 179.503945 502.591923 404.495763 -694.017000 419.633376 
667.343711 -423.094235 189.889776 -331.189516 760.448407 450.661537 687.595162 431.181985 775.707443 -597.932670 
54.357811 -367.362484 97.862835 -192.973712 291.938373 -208.116612 370.374701 265.309613 -752.270802 822.190356 
428.398585 -25.218755 -69.327664 -946.158058 326.872847 690.361986 233.345887 -170.535230 94.857749 539.328887 
-750.901853 -237.798539 -883.765348 438.987923 431.011945 876.683059 -110.350540 118.607107 307.865044 -334.643096 
520.674436 -637.777145 297.994420 -381.462728 169.249143 -410.067206 410.420660 -460.376156 855.242407 658.149858 
-638.185800 283.640992 -367.068897 292.486536 337.482935 959.803951 -17.151478 -429.171178 -210.731279 -922.293728 
-889.842291 38.366868 -160.092267 -773.607640 -522.645209 -729.080322 -896.924580 367.004252 389.526784 410.940464 
-967.638844 -89.798778 773.163320 330.355576 528.738494 -57.587538 920.288370 -60.840846 482.036307 775.530777 