1 866.743883 -162.941745
2 852.945805 161.333306
3 883.572414 74.640187
4 476.206883 -676.822118
5 830.631927 80.200076
6 -806.352854 -333.050564
7 441.085359 -312.733346
8 -680.240104 -277.210928
9 -405.528789 778.589525
10 278.992110 -664.316623
11 -214.756825 790.167090
12 -590.136207 392.297191
13 -398.594859 -845.234157
14 409.286775 826.173337
15 -510.965857 -629.204987
16 91.405186 820.971636
17 -231.010417 -456.610671
18 -817.570006 395.583456
19 271.650274 -686.130092
20 -972.806665 746.395328
21 14.952892 179.736185
22 -356.978764 -501.929742
23 925.550150 -568.488614
24 -564.338614 873.009946
25 341.530494 479.304715
26 473.845524 518.648338
27 -450.353066 -708.579233
28 -771.206938 -534.329269
29 -781.103918 454.961478
30 139.771789 142.751507
31 -293.622269 -787.376869
32 397.896050 -201.250634
33 773.796499 867.626257
34 -109.575430 -561.791488
35 -852.381471 667.428854
36 -73.584961 627.516883
37 374.858236 982.987804
38 878.592761 147.314622
39 948.770682 -768.510203
40 681.612683 -840.117812
41 606.871823 824.969439
42 -409.030685 718.275088
43 -43.579941 -740.909238
44 -682.872302 -955.073713
45 -893.410358 264.515237
46 -684.425555 -66.403812
47 696.636028 18.221548
48 -335.660077 156.385609
49 -86.539068 -200.581068
50 466.470553 -139.418050
51 -753.778369 307.532337
52 -772.880406 418.734634
53 -397.819076 763.432758
54 3.333190 918.625651
55 944.840270 21.513768
56 -37.902932 406.633451
57 564.677106 197.527676
58 673.395910 128.450428
59 765.850484 80.789724
60 112.418392 -115.329414
61 -842.314801 109.378097
62 -977.981123 911.858030
63 -642.153813 -199.953785
64 -917.284437 -368.289121
65 590.009126 852.977060
66 677.436800 -206.781360
67 182.002499 -620.198405
68 374.941574 -628.114390
69 -436.130974 -984.846577
70 -460.453220 -105.479148
71 -514.940109 -628.208149
72 380.071348 751.905939
73 115.939705 -24.970781
74 18.075873 994.665653
75 -263.166539 505.406011
76 -89.693222 529.311029
77 776.140516 -771.496480
78 -792.404236 661.988495
79 293.811763 792.337799
80 -908.687023 -577.919752
81 -106.148758 550.626608
82 -254.219236 -268.734140
83 -375.556611 -773.657742
84 465.251314 768.176168
85 -124.352651 270.486618
86 -233.458866 -646.166679
87 695.687490 -261.381177
88 888.467241 -870.507350
89 126.479055 -537.645616
90 -674.954094 770.256398
91 455.845810 -304.204495
92 404.495763 108.481981
93 431.181985 -423.094235
94 265.309613 -367.362484
95 -170.535230 -25.218755
96 118.607107 -237.798539
97 -460.376156 -637.777145
98 -429.171178 283.640992
99 367.004252 38.366868
100 -60.840846 -89.798778
